DATABASE connection: 0.49444410000000005s
Insert: 70.195557s
Query: 1.2674477999999993s
